Австралия 80.7	22450000	7686850
Австрия 79.3	8373000	83871
Азербайджан 66.3	8997400	86600
Албания 77.75	3195000	28748
Алжир 73.45	35423000	2381740
Ангола 37.65	18993000	1246700
Андорра 82.75	84080	468
Аргентина 76.4	40519000	2760990
Армения 72.4	3238000	29800
Афганистан 43.8	29117000	647500
Багамы 65.7	346000	13940
Бангладеш 62.85	164425000	144000
Барбадос 73	257000	430
Бахрейн 74.75	807000	695
Беларусь 70.2	9468000	207600
Белиз 68.3	322000	23000
Бельгия 79	10827000	32545
Бенин 53.45	9212000	112620
Болгария 73.2	7577000	110910
Боливия 66.25	10031000	1098580
Ботсвана 50.6	1978000	600370
Бразилия 72.75	193467000	8547000
Бруней 75.35	407000	5770
Бурунди 51.3	8519000	27830
Бутан 55.2	708000	46500
Вануату 63.25	246000	12200
Великобритания 78.75	62008000	244101
Венгрия 73.05	10014000	93030
Венесуэла 73.35	28926000	916445
Вьетнам 71.2	85847000	329560
Габон 54.05	1501000	267667
Гаити 57.1	10188000	27750
Гайана 66.25	761000	214970
Гамбия 54.6	1751000	11300
Гана 59.55	24333000	238540
Гватемала 69.7	14377000	108890
Гвинея 49.65	10324000	245857
Германия 79.05	81802000	357022
Гондурас 69.4	7616000	112090
Гренада 65.25	104000	344
Греция 79.5	11306000	131940
Грузия 76.55	4436000	69700
Дания 78.05	5544000	43094
Джибути 43.3	879000	23000
Доминика 75.2	67000	754
Египет 71.6	79020000	1001450
Замбия 38.4	13257000	752614
Зимбабве 39.5	12644000	390580
Израиль 79.9	7628000	26900
Индия 68.75	1187550000	3287590
Индонезия 70.25	237556000	1919440
Иордания 78.6	6472000	92300
Ирак 69.35	31467000	437072
Иран 70.6	75078000	1648000
Ирландия 78	4515000	70273
Исландия 80.45	318000	103125
Испания 79.9	46073000	504782
Италия 80.05	60402000	301230
Йемен 62.55	24256000	527970
Кабо-Верде 71.05	513000	4033
Казахстан 67.35	16197000	2717300
Камбоджа 61.35	13396000	181040
Камерун 52.95	19958000	475440
Канада 80.45	34242000	9984670
Катар 74.2	1697000	11437
Кения 55.3	39649000	582650
Кипр 78.05	802000	9250
Киргизия 68.9	5550000	198500
Кирибати 62.5	100000	726
Китай 72.95	1339450000	9596960
Колумбия 72.3	45618000	1138910
Коморы 62.8	691000	2170
Конго	53.3	3759000	342000
Коста-Рика 77.25	4640000	51100
Кот-д’Ивуар 49.05	21571000	322460
Куба 75.95	11204000	110992
Кувейт 77.4	3051000	17818
Лаос 55.9	6436000	236800
Латвия 71.75	2237000	64589
Лесото 39.95	2084000	30355 
Либерия 40.4	3665000	111370
Ливан 73.25	4255000	10452
Ливия 76.9	6546000	1759540
Литва 74.6	3329000	65200
Лихтенштейн 79.8	35900	160
Люксембург 79.15	503000	2586
Маврикий 72.9	1297000	2040
Мавритания 53.4	3366000	1030700
Мадагаскар 62.15	20146000	587041
Македония 74.3	2055000	25333
Малави 43	15692000	118480
Малайзия 72.9	28900000	329758
Мали 49.55	14895000	1240000
Мальдивы 64.8	314000	298
Мальта 79.25	416000	316
Марокко 71.3	31921000	446550
Мексика 75.95	108396000	1972550
Мозамбик 40.9	23406000	801590
Молдавия 70.3	3564000	33843
Монако 79.95	33000	2
Монголия 67.05	2773000	1564116
Мьянма 62.15	50496000	678500
Намибия 43.1	2212000	825418
Науру 63.55	14000	21
Непал 60.55	29853000	147181
Нигер 44.05	15891000	1267000
Нигерия 47.45	158259000	923768
Нидерланды 79.05	16614000	41526
Никарагуа 70.95	5822000	129494
Норвегия 79.9	4902000	386000
Оман 73.7	2905000	309500
Пакистан 63.75	170532000	803940
Палау 70.8	20000	458
Панама 74.85	3323000	75570
Парагвай 75.4	6460000	406750
Перу 70.15	29462000	1285220
Польша 76.65	38167000	312685
Португалия 78	10637000	92391
Россия 69.8	143300000	17075400
Руанда 49.05	10277000	26338
Румыния 72	21466000	237500
Сальвадор 71.9	6194000	21040
Самоа 71.4	179000	2860
Сан-Марино 82	31800	61
Свазиленд 32.2	1202000	17363
Сейшелы 72.45	85000	455
Сенегал 56.7	12861000	196722
Сент-Люсия 74.2	174000	616
Сербия 75.2	9856000	88361
Сингапур 82	5077000	693
Сирия 70.65	22505000	185180
Словакия 75.05	5430000	48845
Словения 76.65	2064000	20253
США	78.1	310241000	9372610
Сомали 48.9	9359000	637657
Судан 49.1	40850000	2505810
Суринам 73.3	524000	163270
Сьерра-Леоне 40.65	5836000	71740
Таджикистан 64.7	7075000	143100
Таиланд 72.6	67470000	514000
Танзания 50.7	45040000	945090
Того 57.9	6780000	56785
Тонга 70.2	104000	748
Тувалу 68.7	10000	26
Тунис 75.4	10533000	163610
Туркмения 68.35	5177000	488100
Турция 72.95	72561000	780580
Уганда 51.75	33796000	236040
Узбекистан 65.1	27794000	447400
Украина 68.1	45872000	603700
Уругвай 76	3372000	176220
Фиджи 70.2	854000	18270
Филиппины 70.6	94013000	298170
Финляндия 78.75	5368000	338145
Франция 81	65447000	547030
Хорватия 75.05	4433000	56542
Чад 47.25	11274000	1284000
Черногория 74.6	626000	13812
Чехия 76.5	10512000	78866
Чили 77.05	17129000	756950
Швейцария 80.7	7783000	41290
Швеция 80.7	9380000	449964
Шри-Ланка 74.85	20410000	65610
Эквадор 76.65	14246000	283560
Эритрея 59.6	5224000	121320
Эстония 72.5	1340000	45226
Эфиопия 49.25	84390000	1104300
Ямайка 73.15	2730000	10991
Япония 82.15	127390000	377835